#Cvak...
$DOS,AIRDOS03B,1.3.1-0-User,0,835de4e3890764f9e30fcd22d511afa3269412c1,User,00112233445566778899AABBCCDDEEFF
$ADC,USTSIPIN03C,00112233445566778899AABBCCDDEEFF,A5
#Hmmm...
$ENV,0,0.0,52.6,77.8
$TIME,1,1789560000,1789560000,0,2026-09-16 12:00:00
$START,0,265

$E,13249,64
$E,14030,100
$E,14811,500
$E,15593,1023
$STOP,0,1789560009.60,19500,4,1,0,0,0,0,0,0,0,0,0,0,0,2,0,0,0,0,0,0,0,0,0,0,0,0,0,0,0,0,0,0,0,0,0,0,0,0,0,0,0,1,0,0,0,0,0,0,0,0,0,0,0,0,0,0,0,0,0,0,0,0,0,0,1
$START,1,19666

$STOP,1,1789560019.59,35120,0,0,0,0,0,0,0,0,0,0,0,0,0,0,0,0,0,0,0,0,0,0,0,0,0,0,0,0,0,0,0,0,0,0,0,0,0,0,0,0,0,0,0,0,0,0,0,0,0,0,0,0,0,0,0,0,0,0,0,0,0,0,0,0,0
